date,home_team,away_team,home_score,away_score,goal_difference,total_goals,winner
11/08/2023,Burnley FC,Manchester City,0,3,-3,3,Manchester City
12/08/2023,Arsenal FC,Nottingham Forest,2,1,1,3,Arsenal FC
12/08/2023,AFC Bournemouth,West Ham United,1,1,0,2,Draw
12/08/2023,Brighton & Hove Albion,Luton Town,4,1,3,5,Brighton & Hove Albion
12/08/2023,Everton FC,Fulham FC,0,1,-1,1,Fulham FC
12/08/2023,Sheffield United,Crystal Palace,0,1,-1,1,Crystal Palace
12/08/2023,Newcastle United,Aston Villa,5,1,4,6,Newcastle United
13/08/2023,Brentford FC,Tottenham Hotspur,2,2,0,4,Draw
13/08/2023,Chelsea FC,Liverpool FC,1,1,0,2,Draw
14/08/2023,Manchester United,Wolverhampton Wanderers,1,0,1,1,Manchester United
18/08/2023,Nottingham Forest,Sheffield United,2,1,1,3,Nottingham Forest
19/08/2023,Fulham FC,Brentford FC,0,3,-3,3,Brentford FC
19/08/2023,Liverpool FC,AFC Bournemouth,3,1,2,4,Liverpool FC
19/08/2023,Wolverhampton Wanderers,Brighton & Hove Albion,1,4,-3,5,Brighton & Hove Albion
19/08/2023,Tottenham Hotspur,Manchester United,2,0,2,2,Tottenham Hotspur
19/08/2023,Manchester City,Newcastle United,1,0,1,1,Manchester City
20/08/2023,Aston Villa,Everton FC,4,0,4,4,Aston Villa
20/08/2023,West Ham United,Chelsea FC,3,1,2,4,West Ham United
21/08/2023,Crystal Palace,Arsenal FC,0,1,-1,1,Arsenal FC
03/10/2023,Luton Town,Burnley FC,1,2,-1,3,Burnley FC
25/08/2023,Chelsea FC,Luton Town,3,0,3,3,Chelsea FC
26/08/2023,AFC Bournemouth,Tottenham Hotspur,0,2,-2,2,Tottenham Hotspur
26/08/2023,Arsenal FC,Fulham FC,2,2,0,4,Draw
26/08/2023,Brentford FC,Crystal Palace,1,1,0,2,Draw
26/08/2023,Everton FC,Wolverhampton Wanderers,0,1,-1,1,Wolverhampton Wanderers
26/08/2023,Manchester United,Nottingham Forest,3,2,1,5,Manchester United
26/08/2023,Brighton & Hove Albion,West Ham United,1,3,-2,4,West Ham United
27/08/2023,Burnley FC,Aston Villa,1,3,-2,4,Aston Villa
27/08/2023,Sheffield United,Manchester City,1,2,-1,3,Manchester City
27/08/2023,Newcastle United,Liverpool FC,1,2,-1,3,Liverpool FC
01/09/2023,Luton Town,West Ham United,1,2,-1,3,West Ham United
02/09/2023,Sheffield United,Everton FC,2,2,0,4,Draw
02/09/2023,Brentford FC,AFC Bournemouth,2,2,0,4,Draw
02/09/2023,Burnley FC,Tottenham Hotspur,2,5,-3,7,Tottenham Hotspur
02/09/2023,Chelsea FC,Nottingham Forest,0,1,-1,1,Nottingham Forest
02/09/2023,Manchester City,Fulham FC,5,1,4,6,Manchester City
02/09/2023,Brighton & Hove Albion,Newcastle United,3,1,2,4,Brighton & Hove Albion
03/09/2023,Crystal Palace,Wolverhampton Wanderers,3,2,1,5,Crystal Palace
03/09/2023,Liverpool FC,Aston Villa,3,0,3,3,Liverpool FC
03/09/2023,Arsenal FC,Manchester United,3,1,2,4,Arsenal FC
16/09/2023,Wolverhampton Wanderers,Liverpool FC,1,3,-2,4,Liverpool FC
16/09/2023,Aston Villa,Crystal Palace,3,1,2,4,Aston Villa
16/09/2023,Fulham FC,Luton Town,1,0,1,1,Fulham FC
16/09/2023,Manchester United,Brighton & Hove Albion,1,3,-2,4,Brighton & Hove Albion
16/09/2023,Tottenham Hotspur,Sheffield United,2,1,1,3,Tottenham Hotspur
16/09/2023,West Ham United,Manchester City,1,3,-2,4,Manchester City
16/09/2023,Newcastle United,Brentford FC,1,0,1,1,Newcastle United
17/09/2023,AFC Bournemouth,Chelsea FC,0,0,0,0,Draw
17/09/2023,Everton FC,Arsenal FC,0,1,-1,1,Arsenal FC
18/09/2023,Nottingham Forest,Burnley FC,1,1,0,2,Draw
23/09/2023,Crystal Palace,Fulham FC,0,0,0,0,Draw
23/09/2023,Luton Town,Wolverhampton Wanderers,1,1,0,2,Draw
23/09/2023,Manchester City,Nottingham Forest,2,0,2,2,Manchester City
23/09/2023,Brentford FC,Everton FC,1,3,-2,4,Everton FC
23/09/2023,Burnley FC,Manchester United,0,1,-1,1,Manchester United
24/09/2023,Arsenal FC,Tottenham Hotspur,2,2,0,4,Draw
24/09/2023,Brighton & Hove Albion,AFC Bournemouth,3,1,2,4,Brighton & Hove Albion
24/09/2023,Chelsea FC,Aston Villa,0,1,-1,1,Aston Villa
24/09/2023,Liverpool FC,West Ham United,3,1,2,4,Liverpool FC
24/09/2023,Sheffield United,Newcastle United,0,8,-8,8,Newcastle United
30/09/2023,Aston Villa,Brighton & Hove Albion,6,1,5,7,Aston Villa
30/09/2023,AFC Bournemouth,Arsenal FC,0,4,-4,4,Arsenal FC
30/09/2023,Everton FC,Luton Town,1,2,-1,3,Luton Town
30/09/2023,Manchester United,Crystal Palace,0,1,-1,1,Crystal Palace
30/09/2023,Newcastle United,Burnley FC,2,0,2,2,Newcastle United
30/09/2023,West Ham United,Sheffield United,2,0,2,2,West Ham United
30/09/2023,Wolverhampton Wanderers,Manchester City,2,1,1,3,Wolverhampton Wanderers
30/09/2023,Tottenham Hotspur,Liverpool FC,2,1,1,3,Tottenham Hotspur
01/10/2023,Nottingham Forest,Brentford FC,1,1,0,2,Draw
02/10/2023,Fulham FC,Chelsea FC,0,2,-2,2,Chelsea FC
07/10/2023,Luton Town,Tottenham Hotspur,0,1,-1,1,Tottenham Hotspur
07/10/2023,Burnley FC,Chelsea FC,1,4,-3,5,Chelsea FC
07/10/2023,Everton FC,AFC Bournemouth,3,0,3,3,Everton FC
07/10/2023,Fulham FC,Sheffield United,3,1,2,4,Fulham FC
07/10/2023,Manchester United,Brentford FC,2,1,1,3,Manchester United
07/10/2023,Crystal Palace,Nottingham Forest,0,0,0,0,Draw
08/10/2023,Brighton & Hove Albion,Liverpool FC,2,2,0,4,Draw
08/10/2023,West Ham United,Newcastle United,2,2,0,4,Draw
08/10/2023,Wolverhampton Wanderers,Aston Villa,1,1,0,2,Draw
08/10/2023,Arsenal FC,Manchester City,1,0,1,1,Arsenal FC
21/10/2023,Liverpool FC,Everton FC,2,0,2,2,Liverpool FC
21/10/2023,AFC Bournemouth,Wolverhampton Wanderers,1,2,-1,3,Wolverhampton Wanderers
21/10/2023,Brentford FC,Burnley FC,3,0,3,3,Brentford FC
21/10/2023,Manchester City,Brighton & Hove Albion,2,1,1,3,Manchester City
21/10/2023,Newcastle United,Crystal Palace,4,0,4,4,Newcastle United
21/10/2023,Nottingham Forest,Luton Town,2,2,0,4,Draw
21/10/2023,Chelsea FC,Arsenal FC,2,2,0,4,Draw
21/10/2023,Sheffield United,Manchester United,1,2,-1,3,Manchester United
22/10/2023,Aston Villa,West Ham United,4,1,3,5,Aston Villa
23/10/2023,Tottenham Hotspur,Fulham FC,2,0,2,2,Tottenham Hotspur
27/10/2023,Crystal Palace,Tottenham Hotspur,1,2,-1,3,Tottenham Hotspur
28/10/2023,Chelsea FC,Brentford FC,0,2,-2,2,Brentford FC
28/10/2023,AFC Bournemouth,Burnley FC,2,1,1,3,AFC Bournemouth
28/10/2023,Arsenal FC,Sheffield United,5,0,5,5,Arsenal FC
28/10/2023,Wolverhampton Wanderers,Newcastle United,2,2,0,4,Draw
29/10/2023,West Ham United,Everton FC,0,1,-1,1,Everton FC
29/10/2023,Aston Villa,Luton Town,3,1,2,4,Aston Villa
29/10/2023,Brighton & Hove Albion,Fulham FC,1,1,0,2,Draw
29/10/2023,Liverpool FC,Nottingham Forest,3,0,3,3,Liverpool FC
29/10/2023,Manchester United,Manchester City,0,3,-3,3,Manchester City
04/11/2023,Fulham FC,Manchester United,0,1,-1,1,Manchester United
04/11/2023,Brentford FC,West Ham United,3,2,1,5,Brentford FC
04/11/2023,Burnley FC,Crystal Palace,0,2,-2,2,Crystal Palace
04/11/2023,Everton FC,Brighton & Hove Albion,1,1,0,2,Draw
04/11/2023,Manchester City,AFC Bournemouth,6,1,5,7,Manchester City
04/11/2023,Sheffield United,Wolverhampton Wanderers,2,1,1,3,Sheffield United
04/11/2023,Newcastle United,Arsenal FC,1,0,1,1,Newcastle United
05/11/2023,Nottingham Forest,Aston Villa,2,0,2,2,Nottingham Forest
05/11/2023,Luton Town,Liverpool FC,1,1,0,2,Draw
06/11/2023,Tottenham Hotspur,Chelsea FC,1,4,-3,5,Chelsea FC
11/11/2023,Wolverhampton Wanderers,Tottenham Hotspur,2,1,1,3,Wolverhampton Wanderers
11/11/2023,Arsenal FC,Burnley FC,3,1,2,4,Arsenal FC
11/11/2023,Crystal Palace,Everton FC,2,3,-1,5,Everton FC
11/11/2023,Manchester United,Luton Town,1,0,1,1,Manchester United
11/11/2023,AFC Bournemouth,Newcastle United,2,0,2,2,AFC Bournemouth
12/11/2023,Aston Villa,Fulham FC,3,1,2,4,Aston Villa
12/11/2023,Brighton & Hove Albion,Sheffield United,1,1,0,2,Draw
12/11/2023,Liverpool FC,Brentford FC,3,0,3,3,Liverpool FC
12/11/2023,West Ham United,Nottingham Forest,3,2,1,5,West Ham United
12/11/2023,Chelsea FC,Manchester City,4,4,0,8,Draw
25/11/2023,Manchester City,Liverpool FC,1,1,0,2,Draw
25/11/2023,Burnley FC,West Ham United,1,2,-1,3,West Ham United
25/11/2023,Luton Town,Crystal Palace,2,1,1,3,Luton Town
25/11/2023,Newcastle United,Chelsea FC,4,1,3,5,Newcastle United
25/11/2023,Nottingham Forest,Brighton & Hove Albion,2,3,-1,5,Brighton & Hove Albion
25/11/2023,Sheffield United,AFC Bournemouth,1,3,-2,4,AFC Bournemouth
25/11/2023,Brentford FC,Arsenal FC,0,1,-1,1,Arsenal FC
26/11/2023,Tottenham Hotspur,Aston Villa,1,2,-1,3,Aston Villa
26/11/2023,Everton FC,Manchester United,0,3,-3,3,Manchester United
27/11/2023,Fulham FC,Wolverhampton Wanderers,3,2,1,5,Fulham FC
02/12/2023,Arsenal FC,Wolverhampton Wanderers,2,1,1,3,Arsenal FC
02/12/2023,Brentford FC,Luton Town,3,1,2,4,Brentford FC
02/12/2023,Burnley FC,Sheffield United,5,0,5,5,Burnley FC
02/12/2023,Nottingham Forest,Everton FC,0,1,-1,1,Everton FC
02/12/2023,Newcastle United,Manchester United,1,0,1,1,Newcastle United
03/12/2023,AFC Bournemouth,Aston Villa,2,2,0,4,Draw
03/12/2023,Chelsea FC,Brighton & Hove Albion,3,2,1,5,Chelsea FC
03/12/2023,Liverpool FC,Fulham FC,4,3,1,7,Liverpool FC
03/12/2023,West Ham United,Crystal Palace,1,1,0,2,Draw
03/12/2023,Manchester City,Tottenham Hotspur,3,3,0,6,Draw
05/12/2023,Wolverhampton Wanderers,Burnley FC,1,0,1,1,Wolverhampton Wanderers
05/12/2023,Luton Town,Arsenal FC,3,4,-1,7,Arsenal FC
06/12/2023,Brighton & Hove Albion,Brentford FC,2,1,1,3,Brighton & Hove Albion
06/12/2023,Fulham FC,Nottingham Forest,5,0,5,5,Fulham FC
06/12/2023,Sheffield United,Liverpool FC,0,2,-2,2,Liverpool FC
06/12/2023,Crystal Palace,AFC Bournemouth,0,2,-2,2,AFC Bournemouth
06/12/2023,Aston Villa,Manchester City,1,0,1,1,Aston Villa
06/12/2023,Manchester United,Chelsea FC,2,1,1,3,Manchester United
07/12/2023,Everton FC,Newcastle United,3,0,3,3,Everton FC
07/12/2023,Tottenham Hotspur,West Ham United,1,2,-1,3,West Ham United
09/12/2023,Crystal Palace,Liverpool FC,1,2,-1,3,Liverpool FC
09/12/2023,Brighton & Hove Albion,Burnley FC,1,1,0,2,Draw
09/12/2023,Manchester United,AFC Bournemouth,0,3,-3,3,AFC Bournemouth
09/12/2023,Sheffield United,Brentford FC,1,0,1,1,Sheffield United
09/12/2023,Wolverhampton Wanderers,Nottingham Forest,1,1,0,2,Draw
09/12/2023,Aston Villa,Arsenal FC,1,0,1,1,Aston Villa
10/12/2023,Everton FC,Chelsea FC,2,0,2,2,Everton FC
10/12/2023,Fulham FC,West Ham United,5,0,5,5,Fulham FC
10/12/2023,Luton Town,Manchester City,1,2,-1,3,Manchester City
10/12/2023,Tottenham Hotspur,Newcastle United,4,1,3,5,Tottenham Hotspur
15/12/2023,Nottingham Forest,Tottenham Hotspur,0,2,-2,2,Tottenham Hotspur
16/12/2023,Chelsea FC,Sheffield United,2,0,2,2,Chelsea FC
16/12/2023,Manchester City,Crystal Palace,2,2,0,4,Draw
16/12/2023,Newcastle United,Fulham FC,3,0,3,3,Newcastle United
16/12/2023,Burnley FC,Everton FC,0,2,-2,2,Everton FC
17/12/2023,Arsenal FC,Brighton & Hove Albion,2,0,2,2,Arsenal FC
17/12/2023,Brentford FC,Aston Villa,1,2,-1,3,Aston Villa
17/12/2023,West Ham United,Wolverhampton Wanderers,3,0,3,3,West Ham United
17/12/2023,Liverpool FC,Manchester United,0,0,0,0,Draw
13/03/2024,AFC Bournemouth,Luton Town,4,3,1,7,AFC Bournemouth
21/12/2023,Crystal Palace,Brighton & Hove Albion,1,1,0,2,Draw
22/12/2023,Aston Villa,Sheffield United,1,1,0,2,Draw
23/12/2023,West Ham United,Manchester United,2,0,2,2,West Ham United
23/12/2023,Fulham FC,Burnley FC,0,2,-2,2,Burnley FC
23/12/2023,Luton Town,Newcastle United,1,0,1,1,Luton Town
23/12/2023,Nottingham Forest,AFC Bournemouth,2,3,-1,5,AFC Bournemouth
23/12/2023,Tottenham Hotspur,Everton FC,2,1,1,3,Tottenham Hotspur
23/12/2023,Liverpool FC,Arsenal FC,1,1,0,2,Draw
24/12/2023,Wolverhampton Wanderers,Chelsea FC,2,1,1,3,Wolverhampton Wanderers
20/02/2024,Manchester City,Brentford FC,1,0,1,1,Manchester City
26/12/2023,Newcastle United,Nottingham Forest,1,3,-2,4,Nottingham Forest
26/12/2023,AFC Bournemouth,Fulham FC,3,0,3,3,AFC Bournemouth
26/12/2023,Sheffield United,Luton Town,2,3,-1,5,Luton Town
26/12/2023,Burnley FC,Liverpool FC,0,2,-2,2,Liverpool FC
26/12/2023,Manchester United,Aston Villa,3,2,1,5,Manchester United
27/12/2023,Brentford FC,Wolverhampton Wanderers,1,4,-3,5,Wolverhampton Wanderers
27/12/2023,Chelsea FC,Crystal Palace,2,1,1,3,Chelsea FC
27/12/2023,Everton FC,Manchester City,1,3,-2,4,Manchester City
28/12/2023,Brighton & Hove Albion,Tottenham Hotspur,4,2,2,6,Brighton & Hove Albion
28/12/2023,Arsenal FC,West Ham United,0,2,-2,2,West Ham United
30/12/2023,Luton Town,Chelsea FC,2,3,-1,5,Chelsea FC
30/12/2023,Aston Villa,Burnley FC,3,2,1,5,Aston Villa
30/12/2023,Crystal Palace,Brentford FC,3,1,2,4,Crystal Palace
30/12/2023,Manchester City,Sheffield United,2,0,2,2,Manchester City
30/12/2023,Wolverhampton Wanderers,Everton FC,3,0,3,3,Wolverhampton Wanderers
30/12/2023,Nottingham Forest,Manchester United,2,1,1,3,Nottingham Forest
31/12/2023,Fulham FC,Arsenal FC,2,1,1,3,Fulham FC
31/12/2023,Tottenham Hotspur,AFC Bournemouth,3,1,2,4,Tottenham Hotspur
01/01/2024,Liverpool FC,Newcastle United,4,2,2,6,Liverpool FC
02/01/2024,West Ham United,Brighton & Hove Albion,0,0,0,0,Draw
12/01/2024,Burnley FC,Luton Town,1,1,0,2,Draw
13/01/2024,Chelsea FC,Fulham FC,1,0,1,1,Chelsea FC
13/01/2024,Newcastle United,Manchester City,2,3,-1,5,Manchester City
14/01/2024,Everton FC,Aston Villa,0,0,0,0,Draw
14/01/2024,Manchester United,Tottenham Hotspur,2,2,0,4,Draw
20/01/2024,Arsenal FC,Crystal Palace,5,0,5,5,Arsenal FC
20/01/2024,Brentford FC,Nottingham Forest,3,2,1,5,Brentford FC
21/01/2024,Sheffield United,West Ham United,2,2,0,4,Draw
21/01/2024,AFC Bournemouth,Liverpool FC,0,4,-4,4,Liverpool FC
22/01/2024,Brighton & Hove Albion,Wolverhampton Wanderers,0,0,0,0,Draw
30/01/2024,Nottingham Forest,Arsenal FC,1,2,-1,3,Arsenal FC
30/01/2024,Luton Town,Brighton & Hove Albion,4,0,4,4,Luton Town
30/01/2024,Fulham FC,Everton FC,0,0,0,0,Draw
30/01/2024,Crystal Palace,Sheffield United,3,2,1,5,Crystal Palace
30/01/2024,Aston Villa,Newcastle United,1,3,-2,4,Newcastle United
31/01/2024,Manchester City,Burnley FC,3,1,2,4,Manchester City
31/01/2024,Tottenham Hotspur,Brentford FC,3,2,1,5,Tottenham Hotspur
31/01/2024,Liverpool FC,Chelsea FC,4,1,3,5,Liverpool FC
01/02/2024,West Ham United,AFC Bournemouth,1,1,0,2,Draw
01/02/2024,Wolverhampton Wanderers,Manchester United,3,4,-1,7,Manchester United
03/02/2024,Everton FC,Tottenham Hotspur,2,2,0,4,Draw
03/02/2024,Brighton & Hove Albion,Crystal Palace,4,1,3,5,Brighton & Hove Albion
03/02/2024,Burnley FC,Fulham FC,2,2,0,4,Draw
03/02/2024,Newcastle United,Luton Town,4,4,0,8,Draw
03/02/2024,Sheffield United,Aston Villa,0,5,-5,5,Aston Villa
04/02/2024,AFC Bournemouth,Nottingham Forest,1,1,0,2,Draw
04/02/2024,Chelsea FC,Wolverhampton Wanderers,2,4,-2,6,Wolverhampton Wanderers
04/02/2024,Manchester United,West Ham United,3,0,3,3,Manchester United
04/02/2024,Arsenal FC,Liverpool FC,3,1,2,4,Arsenal FC
05/02/2024,Brentford FC,Manchester City,1,3,-2,4,Manchester City
10/02/2024,Manchester City,Everton FC,2,0,2,2,Manchester City
10/02/2024,Fulham FC,AFC Bournemouth,3,1,2,4,Fulham FC
10/02/2024,Liverpool FC,Burnley FC,3,1,2,4,Liverpool FC
10/02/2024,Luton Town,Sheffield United,1,3,-2,4,Sheffield United
10/02/2024,Tottenham Hotspur,Brighton & Hove Albion,2,1,1,3,Tottenham Hotspur
10/02/2024,Wolverhampton Wanderers,Brentford FC,0,2,-2,2,Brentford FC
10/02/2024,Nottingham Forest,Newcastle United,2,3,-1,5,Newcastle United
11/02/2024,West Ham United,Arsenal FC,0,6,-6,6,Arsenal FC
11/02/2024,Aston Villa,Manchester United,1,2,-1,3,Manchester United
12/02/2024,Crystal Palace,Chelsea FC,1,3,-2,4,Chelsea FC
17/02/2024,Brentford FC,Liverpool FC,1,4,-3,5,Liverpool FC
17/02/2024,Burnley FC,Arsenal FC,0,5,-5,5,Arsenal FC
17/02/2024,Fulham FC,Aston Villa,1,2,-1,3,Aston Villa
17/02/2024,Newcastle United,AFC Bournemouth,2,2,0,4,Draw
17/02/2024,Nottingham Forest,West Ham United,2,0,2,2,Nottingham Forest
17/02/2024,Tottenham Hotspur,Wolverhampton Wanderers,1,2,-1,3,Wolverhampton Wanderers
17/02/2024,Manchester City,Chelsea FC,1,1,0,2,Draw
18/02/2024,Sheffield United,Brighton & Hove Albion,0,5,-5,5,Brighton & Hove Albion
18/02/2024,Luton Town,Manchester United,1,2,-1,3,Manchester United
19/02/2024,Everton FC,Crystal Palace,1,1,0,2,Draw
21/02/2024,Liverpool FC,Luton Town,4,1,3,5,Liverpool FC
24/02/2024,Aston Villa,Nottingham Forest,4,2,2,6,Aston Villa
24/02/2024,Brighton & Hove Albion,Everton FC,1,1,0,2,Draw
24/02/2024,Crystal Palace,Burnley FC,3,0,3,3,Crystal Palace
24/02/2024,Manchester United,Fulham FC,1,2,-1,3,Fulham FC
24/02/2024,AFC Bournemouth,Manchester City,0,1,-1,1,Manchester City
24/02/2024,Arsenal FC,Newcastle United,4,1,3,5,Arsenal FC
25/02/2024,Wolverhampton Wanderers,Sheffield United,1,0,1,1,Wolverhampton Wanderers
26/02/2024,West Ham United,Brentford FC,4,2,2,6,West Ham United
02/05/2024,Chelsea FC,Tottenham Hotspur,2,0,2,2,Chelsea FC
02/03/2024,Brentford FC,Chelsea FC,2,2,0,4,Draw
02/03/2024,Everton FC,West Ham United,1,3,-2,4,West Ham United
02/03/2024,Fulham FC,Brighton & Hove Albion,3,0,3,3,Fulham FC
02/03/2024,Newcastle United,Wolverhampton Wanderers,3,0,3,3,Newcastle United
02/03/2024,Nottingham Forest,Liverpool FC,0,1,-1,1,Liverpool FC
02/03/2024,Tottenham Hotspur,Crystal Palace,3,1,2,4,Tottenham Hotspur
02/03/2024,Luton Town,Aston Villa,2,3,-1,5,Aston Villa
03/03/2024,Burnley FC,AFC Bournemouth,0,2,-2,2,AFC Bournemouth
03/03/2024,Manchester City,Manchester United,3,1,2,4,Manchester City
04/03/2024,Sheffield United,Arsenal FC,0,6,-6,6,Arsenal FC
09/03/2024,Manchester United,Everton FC,2,0,2,2,Manchester United
09/03/2024,AFC Bournemouth,Sheffield United,2,2,0,4,Draw
09/03/2024,Crystal Palace,Luton Town,1,1,0,2,Draw
09/03/2024,Wolverhampton Wanderers,Fulham FC,2,1,1,3,Wolverhampton Wanderers
09/03/2024,Arsenal FC,Brentford FC,2,1,1,3,Arsenal FC
10/03/2024,Aston Villa,Tottenham Hotspur,0,4,-4,4,Tottenham Hotspur
10/03/2024,Brighton & Hove Albion,Nottingham Forest,1,0,1,1,Brighton & Hove Albion
10/03/2024,West Ham United,Burnley FC,2,2,0,4,Draw
10/03/2024,Liverpool FC,Manchester City,1,1,0,2,Draw
11/03/2024,Chelsea FC,Newcastle United,3,2,1,5,Chelsea FC
16/03/2024,Burnley FC,Brentford FC,2,1,1,3,Burnley FC
16/03/2024,Luton Town,Nottingham Forest,1,1,0,2,Draw
16/03/2024,Fulham FC,Tottenham Hotspur,3,0,3,3,Fulham FC
17/03/2024,West Ham United,Aston Villa,1,1,0,2,Draw
23/04/2024,Arsenal FC,Chelsea FC,5,0,5,5,Arsenal FC
24/04/2024,Wolverhampton Wanderers,AFC Bournemouth,0,1,-1,1,AFC Bournemouth
24/04/2024,Crystal Palace,Newcastle United,2,0,2,2,Crystal Palace
24/04/2024,Everton FC,Liverpool FC,2,0,2,2,Everton FC
24/04/2024,Manchester United,Sheffield United,4,2,2,6,Manchester United
25/04/2024,Brighton & Hove Albion,Manchester City,0,4,-4,4,Manchester City
30/03/2024,Newcastle United,West Ham United,4,3,1,7,Newcastle United
30/03/2024,AFC Bournemouth,Everton FC,2,1,1,3,AFC Bournemouth
30/03/2024,Chelsea FC,Burnley FC,2,2,0,4,Draw
30/03/2024,Nottingham Forest,Crystal Palace,1,1,0,2,Draw
30/03/2024,Sheffield United,Fulham FC,3,3,0,6,Draw
30/03/2024,Tottenham Hotspur,Luton Town,2,1,1,3,Tottenham Hotspur
30/03/2024,Aston Villa,Wolverhampton Wanderers,2,0,2,2,Aston Villa
30/03/2024,Brentford FC,Manchester United,1,1,0,2,Draw
31/03/2024,Liverpool FC,Brighton & Hove Albion,2,1,1,3,Liverpool FC
31/03/2024,Manchester City,Arsenal FC,0,0,0,0,Draw
02/04/2024,Nottingham Forest,Fulham FC,3,1,2,4,Nottingham Forest
02/04/2024,Newcastle United,Everton FC,1,1,0,2,Draw
02/04/2024,AFC Bournemouth,Crystal Palace,1,0,1,1,AFC Bournemouth
02/04/2024,Burnley FC,Wolverhampton Wanderers,1,1,0,2,Draw
02/04/2024,West Ham United,Tottenham Hotspur,1,1,0,2,Draw
03/04/2024,Arsenal FC,Luton Town,2,0,2,2,Arsenal FC
03/04/2024,Brentford FC,Brighton & Hove Albion,0,0,0,0,Draw
03/04/2024,Manchester City,Aston Villa,4,1,3,5,Manchester City
04/04/2024,Liverpool FC,Sheffield United,3,1,2,4,Liverpool FC
04/04/2024,Chelsea FC,Manchester United,4,3,1,7,Chelsea FC
06/04/2024,Crystal Palace,Manchester City,2,4,-2,6,Manchester City
06/04/2024,Aston Villa,Brentford FC,3,3,0,6,Draw
06/04/2024,Everton FC,Burnley FC,1,0,1,1,Everton FC
06/04/2024,Fulham FC,Newcastle United,0,1,-1,1,Newcastle United
06/04/2024,Luton Town,AFC Bournemouth,2,1,1,3,Luton Town
06/04/2024,Wolverhampton Wanderers,West Ham United,1,2,-1,3,West Ham United
06/04/2024,Brighton & Hove Albion,Arsenal FC,0,3,-3,3,Arsenal FC
07/04/2024,Manchester United,Liverpool FC,2,2,0,4,Draw
07/04/2024,Sheffield United,Chelsea FC,2,2,0,4,Draw
07/04/2024,Tottenham Hotspur,Nottingham Forest,3,1,2,4,Tottenham Hotspur
13/04/2024,Newcastle United,Tottenham Hotspur,4,0,4,4,Newcastle United
13/04/2024,Brentford FC,Sheffield United,2,0,2,2,Brentford FC
13/04/2024,Burnley FC,Brighton & Hove Albion,1,1,0,2,Draw
13/04/2024,Manchester City,Luton Town,5,1,4,6,Manchester City
13/04/2024,Nottingham Forest,Wolverhampton Wanderers,2,2,0,4,Draw
13/04/2024,AFC Bournemouth,Manchester United,2,2,0,4,Draw
14/04/2024,Liverpool FC,Crystal Palace,0,1,-1,1,Crystal Palace
14/04/2024,West Ham United,Fulham FC,0,2,-2,2,Fulham FC
14/04/2024,Arsenal FC,Aston Villa,0,2,-2,2,Aston Villa
15/04/2024,Chelsea FC,Everton FC,6,0,6,6,Chelsea FC
20/04/2024,Luton Town,Brentford FC,1,5,-4,6,Brentford FC
20/04/2024,Sheffield United,Burnley FC,1,4,-3,5,Burnley FC
20/04/2024,Wolverhampton Wanderers,Arsenal FC,0,2,-2,2,Arsenal FC
21/04/2024,Everton FC,Nottingham Forest,2,0,2,2,Everton FC
21/04/2024,Aston Villa,AFC Bournemouth,3,1,2,4,Aston Villa
21/04/2024,Crystal Palace,West Ham United,5,2,3,7,Crystal Palace
21/04/2024,Fulham FC,Liverpool FC,1,3,-2,4,Liverpool FC
14/05/2024,Tottenham Hotspur,Manchester City,0,2,-2,2,Manchester City
15/05/2024,Brighton & Hove Albion,Chelsea FC,1,2,-1,3,Chelsea FC
15/05/2024,Manchester United,Newcastle United,3,2,1,5,Manchester United
27/04/2024,West Ham United,Liverpool FC,2,2,0,4,Draw
27/04/2024,Fulham FC,Crystal Palace,1,1,0,2,Draw
27/04/2024,Manchester United,Burnley FC,1,1,0,2,Draw
27/04/2024,Newcastle United,Sheffield United,5,1,4,6,Newcastle United
27/04/2024,Wolverhampton Wanderers,Luton Town,2,1,1,3,Wolverhampton Wanderers
27/04/2024,Everton FC,Brentford FC,1,0,1,1,Everton FC
27/04/2024,Aston Villa,Chelsea FC,2,2,0,4,Draw
28/04/2024,AFC Bournemouth,Brighton & Hove Albion,3,0,3,3,AFC Bournemouth
28/04/2024,Tottenham Hotspur,Arsenal FC,2,3,-1,5,Arsenal FC
28/04/2024,Nottingham Forest,Manchester City,0,2,-2,2,Manchester City
03/05/2024,Luton Town,Everton FC,1,1,0,2,Draw
04/05/2024,Arsenal FC,AFC Bournemouth,3,0,3,3,Arsenal FC
04/05/2024,Brentford FC,Fulham FC,0,0,0,0,Draw
04/05/2024,Burnley FC,Newcastle United,1,4,-3,5,Newcastle United
04/05/2024,Sheffield United,Nottingham Forest,1,3,-2,4,Nottingham Forest
04/05/2024,Manchester City,Wolverhampton Wanderers,5,1,4,6,Manchester City
05/05/2024,Brighton & Hove Albion,Aston Villa,1,0,1,1,Brighton & Hove Albion
05/05/2024,Chelsea FC,West Ham United,5,0,5,5,Chelsea FC
05/05/2024,Liverpool FC,Tottenham Hotspur,4,2,2,6,Liverpool FC
06/05/2024,Crystal Palace,Manchester United,4,0,4,4,Crystal Palace
11/05/2024,Fulham FC,Manchester City,0,4,-4,4,Manchester City
11/05/2024,AFC Bournemouth,Brentford FC,1,2,-1,3,Brentford FC
11/05/2024,Everton FC,Sheffield United,1,0,1,1,Everton FC
11/05/2024,Newcastle United,Brighton & Hove Albion,1,1,0,2,Draw
11/05/2024,Tottenham Hotspur,Burnley FC,2,1,1,3,Tottenham Hotspur
11/05/2024,West Ham United,Luton Town,3,1,2,4,West Ham United
11/05/2024,Wolverhampton Wanderers,Crystal Palace,1,3,-2,4,Crystal Palace
11/05/2024,Nottingham Forest,Chelsea FC,2,3,-1,5,Chelsea FC
12/05/2024,Manchester United,Arsenal FC,0,1,-1,1,Arsenal FC
13/05/2024,Aston Villa,Liverpool FC,3,3,0,6,Draw
19/05/2024,Arsenal FC,Everton FC,2,1,1,3,Arsenal FC
19/05/2024,Brentford FC,Newcastle United,2,4,-2,6,Newcastle United
19/05/2024,Brighton & Hove Albion,Manchester United,0,2,-2,2,Manchester United
19/05/2024,Burnley FC,Nottingham Forest,1,2,-1,3,Nottingham Forest
19/05/2024,Chelsea FC,AFC Bournemouth,2,1,1,3,Chelsea FC
19/05/2024,Crystal Palace,Aston Villa,5,0,5,5,Crystal Palace
19/05/2024,Liverpool FC,Wolverhampton Wanderers,2,0,2,2,Liverpool FC
19/05/2024,Luton Town,Fulham FC,2,4,-2,6,Fulham FC
19/05/2024,Manchester City,West Ham United,3,1,2,4,Manchester City
19/05/2024,Sheffield United,Tottenham Hotspur,0,3,-3,3,Tottenham Hotspur
